"p1" "p2" "p3" "p4" "p5"
"1" 2.22044604925031e-16 0.999999993115479 1.50897004767433e-08 5.22318888211523e-08 2.14533146266431e-08
"2" 0.196893707175994 0.132192328393673 0.200053515889373 0.443436976962013 0.0497423410531625
"3" 2.11338905775036e-09 2.22044604925031e-16 0.299117886483594 1.40847293082355e-08 0.706109124318437
"4" 1.65679428515842e-09 0.00764464881633817 0.130400978083374 0.653091914925996 0.121776003522696
"5" 1.52133892858007e-08 0.0171659742211686 0.0777587917344448 2.56240528790172e-08 0.227608674762993
"6" 2.68973735038071e-10 0.0131230889730986 0.120757469245551 0.636098142902052 0.44157081329144
"7" 0.43267473560198 0.341984707860985 0.426760032663109 0.133819397559315 1.11686022162538e-09
"8" 4.25867052150472e-09 1.91804796932092e-08 0.721326387479733 2.70842758535253e-08 0.0501738790429872
"9" 0.154542040098911 1.94133556208398e-09 0.499884487706376 0.203858278990337 0.130067176094639
"10" 0.0260777198052342 0.728464735308389 0.28327714389186 0.0671084388422052 0.0172894386985471
"11" 0.0181630233126263 0.249602950159981 0.216139316222324 0.285655282264889 0.108103281388246
"12" 2.17277231755879e-09 0.0572434714691137 0.158342608327187 0.357863222048112 0.292145219154199
"13" 2.86751116560328e-09 0.316561590093864 0.211989263270481 0.139457295448615 0.230776817811159
"14" 3.14101505933642e-09 4.98802085016656e-09 0.587758436226156 0.103552492699851 0.178956747729825
"15" 1.57789922237653e-09 0.270153332770311 0.205419346002156 0.344854489097293 0.0580566249898299
"16" 0.479252961639939 0.220376548179887 0.175693454373074 0.192672421057696 0.0565569235448216
"17" 3.43477231718958e-09 0.499545817082804 4.85607889764117e-09 0.215647438712583 0.225803370190883
"18" 4.09240767684251e-09 3.29213456308672e-09 0.05936361895488 0.327421141495514 0.413753425396716
"19" 0.489446358030591 0.0600417677103517 0.406071696213452 0.056353601339813 0.0892293048821228
"20" 3.96499331151374e-09 3.73187917966108e-09 0.400578798749103 0.479026465371279 0.0323306256988296
"21" 0.020290460263678 0.139964975477709 0.27679187403919 0.272904250741894 0.277969477374231
"22" 0.0485220223230425 0.0240517415426942 0.125215477101882 0.518631697640298 0.488032402143295
"23" 0.339155283678704 0.0923493953658201 0.0986828919613618 0.236814087082414 0.14913777147226
"24" 0.0812807088897426 6.23981826290238e-09 0.245299627036371 0.218494397538187 0.318382444781222
"25" 0.0990792401666785 0.324877444194538 0.132480915446318 0.107334954779021 0.279463441875614
"26" 3.93671907864419e-10 0.335553973002851 0.350665016800778 6.25087782708952e-09 0.386122711124763
"27" 0.225298496996004 0.302630715464521 0.335847506316588 0.0868052553250936 0.0526696479932008
"28" 0.266564671308584 0.0384143008292085 0.418074461600804 0.216349020668854 0.0560613325297028
"29" 0.096747676925702 0.0612000570141338 0.496644788695583 0.169765254112194 0.142461618257857
"30" 0.0120946479397776 0.181418208463356 0.194186030747877 0.269077052463765 0.272662539882796
"31" 0.159657334117697 0.269640778212599 0.266034745573977 0.286195545965711 0.0451720357660391
"32" 9.23988591344034e-10 0.255417625087653 0.184066455803576 0.415863001609432 0.14225259114965
"33" 4.38218116717811e-10 8.41558864813561e-09 0.151847842471086 0.227992630986575 0.409019125383539
"34" 1.74087261570903e-10 1.31151429312452e-10 0.693998360357739 0.547615257092006 1.72500613200242e-08
"35" 0.0596047779471867 0.00951163409223531 0.594058639156866 0.081518466047228 0.252446203457216
"36" 0.0739928961586667 0.0161951680902193 0.278464863516108 0.503305421269208 0.0926816376407853
"37" 0.195443435299552 0.0410873240401065 0.087991054423915 0.384752973686908 0.177992189859852
"38" 0.15832064135332 0.0247217808511218 0.28475969684208 0.200272953631607 0.25577178437261
"39" 0.186284676131344 0.0422226933264935 0.224523444003022 0.255803151377932 0.0631054829813219
"40" 0.0538767311833727 0.0557259641618321 0.238055286259083 0.19426365361617 0.279373709822368
"41" 0.327524167591845 0.561912768063366 0.0784311438435746 0.0915991303213032 0.0886062362404987
"42" 1.75287836437136e-09 0.378186081928767 0.456265635137901 0.259152628696741 4.14253905534551e-09
"43" 0.0116947699795277 0.0829078539400505 0.145458753550089 0.46201368373948 0.323274578357465
"44" 0.00440251125614478 0.0895475537945088 0.362443543950982 0.291809565342258 0.350127494668289
"45" 0.0898274769386971 0.341236636243035 0.211836166187743 0.163766820281859 1.0540736527394e-08
"46" 3.25983483597682e-10 3.90735432793339e-09 0.621227538067294 0.229011248472342 0.167999199480147
"47" 0.0160660680982043 0.281642066767085 0.0889138632940324 0.315367609274249 0.41075801566742
"48" 0.0206724220439906 0.251751395710334 0.427114858509811 0.0827947879249804 2.64645496451794e-08
"49" 2.22044604925031e-16 0.0762477345278733 0.274590838433365 0.267446585984829 0.136797089300295
"50" 2.22044604925031e-16 2.71773844603382e-09 1.17514005294119e-08 0.456388695541045 0.855056058443901
"51" 2.22044604925031e-16 0.307033689274164 0.19979769979382 0.217139375369099 0.340059110655406
"52" 2.26432086491748e-09 0.124917511539727 0.289004197025806 0.234156509748463 0.159423672400952
"53" 2.28347494059162e-09 0.999999986009659 3.59474950129643e-09 1.05913128219851e-09 0.455927442259722
"54" 0.0723652017493082 0.410656609879195 0.0545847870014456 0.373076249527008 0.245609511694194
"55" 0.202406234211285 0.209470171512265 0.612900849587463 0.0715904102448493 0.0218029261823118
"56" 0.199724647142209 4.47169350629783e-09 0.206971957097971 0.224030429189797 0.235203252596553
"57" 0.299838474674702 0.331018267236616 0.370257196760731 0.0762475411326077 0.0270402790388062
"58" 0.128666930074381 0.0822814367263042 0.360685040099708 0.20924504957718 0.117136751197956
"59" 0.0219948235251976 0.266012285612607 0.134815989104284 0.266026179452624 0.139949766698128
"60" 0.0812136412983195 1.52912918431532e-09 0.128963119553073 0.607810597792588 0.295964800388739
"61" 0.00614527887033481 0.0775316066476864 0.136725896401003 0.350402759398793 0.551689903339268
"62" 0.310987967787549 4.16232275091545e-09 2.27697442753645e-09 0.36636149733155 0.35786209522275
"63" 4.65207337056132e-10 0.563505627890707 0.10799493244617 0.185295600469494 0.094508360198795
"64" 2.07400320926696e-10 0.433462357633753 7.4478486037099e-09 0.296986366067027 0.504948777946778
"65" 3.28342997150387e-10 0.268529908232856 0.203350110379128 0.188340250763321 0.469969691616663
"66" 0.126440338179621 0.187011690426538 0.169133019172629 7.53312297269523e-09 0.524221471932412
"67" 1.1977260486123e-08 6.20602383822248e-09 0.999999992279846 5.04356265913099e-09 7.7588678760134e-09
"68" 5.19204981411507e-10 0.0775057099505574 0.117962146558113 0.274990189377007 0.663446138302161
"69" 2.4649838024825e-09 2.17126482025806e-09 0.280040356314466 0.729035434345237 6.81211275593114e-09
"70" 0.0751999578589678 0.336797153487573 0.0335395044147049 0.271919606657369 0.421391929785583
"71" 0.408987975405293 0.319314437643701 0.0714642804055844 5.82626498890483e-08 0.114457057704312
"72" 0.200009567350338 0.178814221087856 0.0291462159788977 0.195707648543193 0.527183910019623
"73" 1.20830858957082e-09 1.571274248524e-09 0.999999984119739 1.46991951274304e-08 2.18330179346914e-08
"74" 0.288586580373994 0.0352803814265243 0.22795122901875 0.544423746843755 0.0216348689619674
"75" 0.145854252004468 0.217036951668673 0.182233996688658 0.506555173551552 3.65636241336787e-09
"76" 2.37058349741973e-09 0.170930576046 0.0817859720684206 0.70040208178598 0.0558424011788282
"77" 0.573640964359109 2.81337916805173e-09 0.29723464403702 0.437276110416893 2.42715230190427e-09
"78" 0.0818719313671065 0.17217207020243 0.651202892388463 0.121141275031296 9.59949782585594e-09
"79" 0.416107868034743 0.0725250791863482 0.510807194036545 0.0393803982768496 0.0556793226616744
"80" 0.175356230804772 8.45437150126734e-10 0.331328003474253 0.242526799349547 0.305876229618232
"81" 3.93284279152214e-09 0.264454613149347 0.74869744928633 2.27509290334639e-09 9.38060992480916e-09
"82" 0.238488599520888 0.335188606099641 0.356695354573909 3.87728736012423e-09 0.139455980923753
"83" 0.0283050284769411 0.0877770385154576 0.413372556533661 0.255514953727184 0.138002385828187
"84" 0.0190276277519866 0.0177011539179413 0.162965241595143 0.43463681575002 0.430351513561187
"85" 0.110056636190945 0.108352528974486 0.383984031920414 0.188359488709831 0.160881399741749
"86" 0.0400416102899969 0.525764016480166 0.473475872430862 4.60793412036044e-09 0.0524187206611736
"87" 0.0884437090459161 0.335501771337492 1.4471962594535e-08 0.127920213970712 0.121140625584504
"88" 0.0162866104089831 0.141094542181299 0.113302746234807 0.618303117951393 0.159645506786882
"89" 5.17075436228862e-10 0.167879457051355 0.362856611016323 0.21993967133895 0.23441071751909
"90" 2.44888270856691e-09 5.0828701586341e-09 0.127189550913389 0.477209516599251 0.2101798066532
"91" 0.254927547426443 0.264050349445663 0.239061464618384 0.110815533837595 0.140002804392349
"92" 0.999999989325651 2.67550117447362e-09 0.32797993314013 5.62820228205523e-09 5.72313332333207e-09
"93" 9.74908732066645e-10 0.0763437201984917 0.376577488316249 0.35883452053866 0.132481810020452
"94" 5.099737222196e-10 1.8948183325305e-09 0.999999993597836 1.06672490713504e-08 2.25571413901643e-08
"95" 0.0484584546332344 0.241852407184792 0.295322066389188 0.0820624085752063 0.403566365453537
"96" 0.0427765867523481 0.1015576608634 0.211694831909235 0.517901086674804 0.138319102782559
"97" 0.045400695424562 0.28065221523424 0.180230924807272 0.42582646030128 0.098235418208595
"98" 0.225177078657254 0.384054851574093 0.155693917686819 9.47083469760142e-09 0.216536116541425
"99" 2.3294534014896e-09 2.56482724048013e-09 3.4784242935628e-09 0.434772798595642 0.907124585567635
"100" 0.0969583649559203 0.110570825156957 0.527505403613407 0.135754767460536 0.175923434690431
"101" 0.429772272461336 0.0402657430214392 0.080109086373575 0.297978732061217 0.188913177100684
"102" 0.0166874814225598 0.0429710305169743 0.596026774525439 0.130326803558656 0.091121118709538
"103" 0.275973700322984 1.68342465256587e-09 0.293182646017381 0.532944009062704 0.0378095335189289
"104" 1.48701243668799e-09 2.22044604925031e-16 0.673350059204576 2.22044604925031e-16 0.835979965394296
"105" 4.15164162400546e-09 3.71316514432572e-09 1.25557788555358e-08 0.175790554909479 0.658231107556247
"106" 2.22044604925031e-16 2.22044604925031e-16 0.647717941928081 3.27150866069678e-09 0.623720620549892
"107" 1.99422999050642e-09 0.479377947980523 0.0722217411714313 0.1217381478725 0.318069599850777
"108" 2.22044604925031e-16 0.0322313472873721 0.317388936837599 0.178931498208726 0.667873077304741
"109" 2.4794803589439e-09 0.108518728892171 0.350084641443086 0.489984591649637 0.0542893417662868
"110" 2.22044604925031e-16 0.216087956182106 0.355302888743005 0.461519575907577 0.0484367596061897
"111" 0.599547580908858 0.0616304780529694 0.149394407097358 0.274216166886487 0.0584857569372095
"112" 0.240411412471946 0.0835779840825894 0.227638021728784 0.159715617996552 0.302764537218656
"113" 2.8047599680722e-08 9.35053272226493e-10 4.05078188860272e-09 0.387976201746623 0.525879098497542
"114" 0.250795760323076 0.553652635654238 0.0192527764043314 0.0951662469219585 0.215957284739286
"115" 0.339709494352099 4.29770161551624e-09 0.378033671820269 0.260248320990957 6.27386803833359e-09
"116" 0.350961317924506 0.0238598308156801 0.0837670683249627 0.0895301201959989 0.205511612799948
"117" 0.158909700280589 0.335717643469956 0.359457361311767 0.0780767054156025 0.0196132574386148
"118" 0.0714914042356554 0.269595295030275 0.615659723214196 0.106518708379901 0.0308765035908947
"119" 0.0745597011938805 0.171269842465352 0.513491069104367 0.276616699482106 3.81270658596053e-09
"120" 9.80419892308275e-10 0.312693989651078 0.298861779864834 0.310499951441809 0.0569118730333679
"121" 0.201162852574405 0.278768835839951 8.9951473939076e-09 0.152982679623028 0.23727811845244
"122" 0.423038400561998 0.318160365140866 0.20269545511504 0.046617265892654 0.074895393134501
"123" 0.0397730355528876 0.293312308236994 0.166555776292787 0.0824287902095047 0.336777311144279
"124" 0.0519079830028322 0.118097661445717 0.202814848854356 0.0583663900557682 0.349907236084838
"125" 0.332728785753756 3.47916140794108e-09 0.314185826863334 0.0366745214567451 0.253454458866731
"126" 0.395378771911663 0.150622523016837 0.278648804471881 0.135346503856129 0.0218747896330642
"127" 0.0760442853737229 0.0509565518668245 0.300127367223469 0.316264755943833 0.379056917137012
"128" 0.736204098930243 0.0502626297307065 0.195490107592315 0.135533036098041 0.0316909002757511
"129" 0.140695707737632 1.60463303496545e-09 0.320406237397424 0.221275692345612 0.39403889599853
"130" 0.206814629984389 0.276689109967077 0.141652729694119 0.263607401550656 0.0421628200026477
"131" 0.107915225262977 3.21913203208823e-09 0.254078543102264 0.250887939590684 0.32223758868151
"132" 0.0325078807976911 0.16442822338565 0.292305560494564 0.379878174111684 0.152188614243582
"133" 6.01417473224425e-10 3.57948101152142e-09 0.108554849115684 0.520484989121227 0.380015861115455
"134" 0.0728893586803923 0.182558627423986 0.0882562586996527 0.305878269564671 0.21170188008252
"135" 0.533354825886022 0.103108634602467 0.220277355563101 3.75343355403802e-09 0.224904397740906
"136" 0.771506698758315 0.476187429865582 1.32274213495959e-08 0.0529958159604752 2.10956027561276e-09
"137" 0.093736653218525 0.630535192359139 0.449336242619004 0.0214188995516346 0.0628712511407094
"138" 0.0209167024513752 0.0705718928951564 0.472302973242829 0.228176738661985 0.176917212043286
"139" 0.0422381177352786 0.0438304058201526 0.352350250952122 0.322867824912829 0.226649857257967
"140" 6.77410490833681e-10 0.0136222817072631 0.314318289710877 0.623129424177926 0.153430754644549
"141" 0.177833559225353 0.3956482184694 0.275355030189397 0.121644038039778 0.0198604438693561
"142" 1.48385066674002e-09 0.246500313850906 0.473282372352467 0.382995411910942 3.31650667849617e-09
"143" 1.5365911876765e-09 0.30051034144885 0.197972043514002 0.495272929114531 0.0418609910120152
"144" 0.211486609564189 0.236985620268364 0.341829116182604 0.167943992947283 0.0502009072261901
"145" 3.29055443154029e-10 0.0489776152040591 0.487241992654578 0.113395474718803 0.475487107837992
"146" 1.0445524823524e-10 0.0602719654417434 0.463890521570216 0.0893619070659917 0.605447269527344
"147" 0.15086151606461 2.83211912912274e-09 0.67613144991737 0.130148589195483 7.04207451102702e-09
"148" 3.40430015863994e-10 0.111173313629402 0.516938978914374 0.14008932723946 0.311072788048806
"149" 0.300748883394429 1.79305774659531e-09 0.0586320942731183 0.362436086274432 0.410349988508316
"150" 0.0779019216884453 0.676194723615815 0.195327638391085 0.160895580750374 5.90827516079795e-09
"151" 0.182656854681589 0.369097835308683 0.405440132455197 0.0946060577570516 0.0301386471286284
"152" 4.74588743008525e-09 0.165104378602808 0.270049539621712 0.628548231736051 2.75529859146345e-09
"153" 0.0321523351390701 0.347445144278209 0.383895763468631 0.188962054944269 0.0575686653874204
"154" 1.15186230606519e-09 0.0818950288075508 0.253401549407957 0.216511681283073 4.11503523619328e-08
"155" 0.681002820669264 0.0569754141732531 0.277025415095565 0.182377997170259 3.19090258796869e-09
"156" 0.0382960314298198 0.0364292941876283 0.298079831294428 0.353274694650318 2.65573068907632e-08
"157" 0.234367515902172 0.184669100719023 0.123161661593411 0.269743050618875 0.0430624952560538
"158" 0.311822470914253 0.151837554136167 0.474852789821251 1.21103655948317e-08 0.0256684982469395
"159" 0.421936622121581 0.0576028357780739 0.352811250785756 0.0436619540149376 0.230043949709126
"160" 1.79454140691405e-09 3.43310097165294e-09 0.416090771485493 0.144484164025065 0.238079162353124
"161" 1.2386774867607e-09 0.0647674092185748 0.306290088388589 0.302411392078574 4.23166570117905e-08
"162" 1.64770045513583e-09 0.766140187775748 0.159474859033512 0.318897572297651 1.60916882912516e-09
"163" 1.39792258883313e-09 0.33165260058578 0.510548805931523 0.281998495708049 2.73385190065447e-09
"164" 0.548641232569535 2.22044604925031e-16 1.37575479585657e-09 0.544223473064687 5.67283222976512e-08
"165" 0.0382151911391435 9.1972494488936e-09 1.01436349634316e-08 0.999999985490512 3.7276125461155e-09
"166" 0.0218068148610395 0.363670315763775 0.221362292011664 0.245186871314268 0.123062990799907
"167" 5.7228136732916e-10 0.648085217017707 0.183121653045308 5.77733739157142e-09 0.370299984756618
"168" 0.0368804201686704 0.403014406106669 0.255101113387401 0.129964869965308 0.164875384266797
"169" 0.0405317389870308 0.0812591356569051 0.399954948908186 0.0213096693221035 0.564039291711768
"170" 0.276534067243977 0.369209779376132 0.140401455296061 0.181645005640585 0.1055899627992
"171" 0.507806380254512 0.192504339059145 0.188415626876523 0.146981512035218 0.0851330357060128
"172" 0.0814532294549297 0.0802707092412727 0.175387744765221 0.175715161142015 0.309852029575746
"173" 0.0394234674902628 0.0788463006041581 0.248637749633646 0.444752383922669 0.125779867597848
"174" 0.34337119201191 0.0781947100112589 0.406998276749849 1.9626108665914e-08 7.86336066383229e-09
"175" 1.83370532967178e-09 8.07686500232838e-10 0.406998276749847 0.431994786934448 0.23564425612349
"176" 2.08173974631503e-09 0.0600845977632262 8.72396048946095e-09 0.452004183832045 0.378625968531992
"177" 0.0461996033453817 0.0738662588910835 0.255696916566396 0.298229825812457 0.227876376065562
"178" 0.114089877281982 0.0650755879670284 0.297070076802724 0.169731557492713 0.250647396662389
"179" 0.524055805636112 0.0712905765558049 0.428608275930712 0.0439804601112885 0.0558440348781139
"180" 5.58543243098159e-09 0.471544626263179 0.138391309770816 0.342923288782065 9.1217760243266e-09
"181" 0.394921783389165 0.250692450525603 0.137780857073577 0.180383650038801 0.026718568677852
"182" 0.205503683052157 0.2055974783568 0.226882727405467 0.317268419718594 0.0311239626289678
"183" 0.0208420980454456 0.247647485996494 0.299786023414851 0.325613013880473 0.119761522176281
"184" 3.86396058347579e-10 0.999999992821753 9.68481432035405e-09 1.96383567694338e-08 1.92247030449672e-08
"185" 0.0459708641000173 0.364424355457257 0.379024504616377 0.124075445563293 0.117500045017351
"186" 0.104955456626256 0.251670828435165 0.480029566102596 1.04605145650972e-08 0.106741785261249
"187" 0.0460951628887703 0.0630738131529228 0.0490531769958531 0.760144657034465 0.180382605156038
"188" 0.195525500745663 0.152252080449852 0.118954837481455 0.420734173500632 0.0817347258330477
"189" 1.404394962366e-09 2.33517142908185e-09 0.213945045167375 0.817358395684615 5.81382281800553e-09
"190" 0.0637200717777744 0.094543876686996 0.143617585860214 0.554953571941529 0.138301790166946
"191" 1.01450419438367e-09 8.76032748231073e-09 7.4658834691675e-08 0.438557628978129 0.0873966613756537
"192" 1.85335798097264e-10 3.20376078379708e-09 0.83110523155522 0.362937023814829 0.0298748012167351
"193" 5.82537245037135e-10 0.0793084954307241 0.274445513797549 0.121272736944343 0.603970823725238
"194" 0.119375579479408 0.159697624085427 0.188044642684026 0.29588902711667 0.136784316311368
"195" 0.0168646788720003 0.127311612674316 0.11486173211596 0.106146638701195 0.648520112920309
"196" 1.17959933967876e-10 0.0254813185143463 0.481472437161663 0.208434065434651 0.507496480703079
"197" 2.13034625120491e-09 0.431298501695033 0.0537041936291536 0.442977214692944 0.0123097597679302
"198" 0.0401058047995107 0.102238207112037 0.43283447776584 0.219912802185528 0.077968384433277
"199" 0.056295280695563 1.88090288040378e-09 0.103773863686723 0.282181817761767 0.624042666269925
"200" 1.74410371057742e-10 0.0313167921015903 0.12542287012247 0.552725604151834 0.568904906982391
"201" 0.0700525767295363 0.0552781608939244 0.276585875017828 0.522864741277338 0.0687980549993788
"202" 0.169323923447627 0.0858804830034167 0.269052764134904 0.151639690883326 0.177861496989625
"203" 0.0586452757936281 0.0407239183188072 0.342675102171201 0.359201322113949 0.1986729780131
"204" 1.08525246490222e-09 0.0509196334486662 0.074612422581076 0.557058425213926 0.445122875522396
"205" 1.21544324412558e-09 0.106501055311649 5.51534267030183e-09 0.900302968517958 9.14669937873875e-09
"206" 0.423652759412859 0.0355205094821209 0.285604722732411 0.14540463508058 0.0566998882653302
"207" 0.189917578524957 0.142800110182083 0.0287926195439167 0.294896597436279 0.426663061977515
"208" 8.19591918759911e-10 0.0779799680998848 0.0784507396460257 0.602741807178691 0.348454304609819
"209" 0.0456361043011547 6.76477187046558e-09 0.117264079362772 0.36520527302395 0.371754816177857
"210" 4.781823525676e-09 2.22044604925031e-16 8.48092176562463e-09 0.999999992412819 3.74097447060808e-08
"211" 0.999999940028256 2.22044604925031e-16 2.95599671252127e-09 0.660317613579725 5.89716485240193e-09
"212" 0.12021405074802 3.31231945604307e-09 0.0413009169842744 0.806153425071885 0.107396290371615
"213" 0.052021222296724 0.291616442183006 0.217207055986843 0.296797697549907 0.0906661337339704
"214" 0.111594010258446 0.259165606392682 0.247517479827493 0.155169271305266 0.168313926512909
"215" 0.333564021040276 0.263324035185253 0.211865311675699 0.189133149177834 0.0604035104215703
"216" 3.27174119382581e-09 5.43704182707754e-09 0.0749436051069107 0.600338374646687 0.14491441914801
"217" 1.82514184604782e-09 4.54098191772349e-09 0.453822990006409 0.441863362104275 0.0430464020154648
"218" 0.430017501629537 0.220292489908693 8.29953415832032e-09 0.460749819659589 0.0398366030623551
"219" 0.0627417780830294 0.0785792377739907 0.0786548242210909 0.261595350551149 0.507744289608034
"220" 0.0318288866021753 0.170075667771883 0.0984314697786379 0.374994592959031 0.243636864598108
"221" 0.0144161218655145 0.226361277341752 0.0540917565895749 0.430265306486771 0.353687383680509
"222" 0.0148904858400866 0.578142354156101 0.241244540428546 0.113970990747443 0.142598063295335
"223" 3.55882595168463e-10 1.11962497662507e-08 0.645215394555194 5.75753167139125e-09 0.283122662049206
"224" 2.43728769401275e-10 6.19730163256794e-09 7.83612523504891e-09 7.51643944375292e-09 0.999999994065332
"225" 0.203392885142882 8.3983932877808e-09 0.506199228666763 4.69323540207543e-09 1.38286701826893e-08
"226" 7.65739522925663e-11 2.34184366565879e-08 0.714522935154952 0.308367172180163 6.1967352063248e-09
"227" 0.162330006796894 1.08117208521721e-08 0.292036492745663 4.96030598549746e-09 0.359991579717932
"228" 1.20847028487237e-09 2.05786415184459e-09 5.85600440772682e-09 0.555909998504098 0.620805110217756
"229" 0.223158980848291 0.160338638785576 0.290664040682399 0.227479167729685 0.0431207442652136
"230" 3.37919667063913e-09 4.87972255233294e-09 0.11754979930238 0.298332757126184 0.346808225070967
"231" 0.0939681274503178 0.164726635108965 0.244078175083156 0.0924139346527385 0.300490856434849
"232" 0.0345065263126649 0.0909138135068837 0.192160436951643 0.336071084921532 0.313610916412491
"233" 0.02543836486495 0.648271440029476 0.219891584414417 0.304286791143615 4.37905981038054e-09
"234" 0.0762114418895744 0.316583142260937 0.141446295594912 0.441860680720474 0.0509844996031104
"235" 0.079958109895085 0.187684020826285 0.364415611349935 0.33612554913839 9.087386145326e-09
"236" 0.0925593322022341 0.0851077360255814 0.250403871458006 0.225910589924891 0.302441418582067
"237" 0.157148004452781 0.0632796966018878 1.3729962236795e-08 0.188089042007357 0.457538584342301
"238" 0.116717391485951 0.161963724835372 0.19914517871152 0.256208251353575 0.143795124623106
"239" 0.0537059573408114 0.169265071898975 0.201268120641484 0.28179813869122 0.119517696019721
"240" 0.0625508504838232 0.407486294027406 0.164901864552882 7.80600708232174e-09 0.41629538500417
"241" 7.81298694013339e-10 0.229213754870298 0.185230864914689 0.213438745079457 0.377289526838019
"242" 4.01910028024281e-09 6.34462950255199e-09 0.194587598972658 0.334335721234751 0.161724841983495
"243" 0.542002503972518 0.305461532792041 0.0967760816110699 0.0927769243383325 0.111115516881676
"244" 0.522204080682096 0.611641349092334 0.0512128692434574 0.0868703402317739 0.0289818980155152
"245" 2.22044604925031e-16 0.158340563918977 0.134068791536688 0.28716428031137 0.632430026018647
"246" 2.22044604925031e-16 0.134611964443883 0.0963814911989705 0.523615284936517 0.273547209329839
"247" 5.1452075851041e-10 0.0386546047155984 0.174020297196596 0.267873428030183 0.586148045568317
"248" 0.346993128955536 0.408069806073421 0.180156345330289 0.104216151167192 0.0328761319543702
"249" 0.0599066103473891 0.159168968191938 0.148713327620659 0.290648455567939 0.334245727826249
"250" 0.0146891369830555 0.232126219912794 0.128536090205783 0.150278965103698 0.60123489022663
"251" 0.134833429968537 0.125991342134481 0.223161431518041 0.166212210743914 0.262812401262449
"252" 0.166183738570403 0.167809790505658 0.39017421425271 0.0885256864237945 0.140842763498566
"253" 0.565641333959087 0.207169645074412 0.176964428506874 0.0774795593488935 0.0832715567263464
"254" 3.32040637341889e-09 2.51218232266004e-09 0.0743118417234567 0.537736112353733 0.298879023984843
"255" 0.0480521244254809 0.0310456164387448 0.270187897137292 0.0363538932332824 0.760402408800224
"256" 0.0544823714546858 1.90275233954423e-09 0.571542413223159 0.21256221700768 0.117230427965545
"257" 0.029851509775211 0.255106206110161 0.343394778953232 0.127638281448442 0.0786189716289451
"258" 0.0430964458604463 0.0912397446215933 0.147409464922376 0.411190382421314 0.328426176059242
"259" 0.261832779028175 0.202637464107055 0.117684060535516 0.113828742321364 0.137297399628519
"260" 2.94665329915302e-10 0.335750586730175 6.81222845389707e-09 0.649494015340839 1.74982981325052e-08
"261" 7.18251089330561e-10 0.124685082241917 0.162321133569909 0.223745639660267 0.527540146062492
"262" 0.139792706240448 0.381753552158007 4.10529109592209e-09 0.321394237139864 0.235382898071417
"263" 0.0756543701404847 0.0597418176761719 0.279914264908278 0.266019589112845 0.28906661654045
"264" 0.0424781296825229 0.0251593532447958 0.144054421751912 0.415832632906139 0.492043691721456
"265" 1.74289745483528e-08 2.22044604925031e-16 1.02880511766802e-08 0.520431353035257 0.0280755720954309
"266" 2.82374681924204e-10 0.191307204362053 0.225412928074129 0.109894987830944 0.444562491726344
"267" 4.1828921664088e-10 0.391414369191563 0.239811929553316 0.164614780698434 0.317544454703297
"268" 0.0796456897874253 0.101051387142032 0.227398647978497 0.143141049361516 0.423847875251118
"269" 0.678172197341949 3.95047051998662e-09 0.165607916980518 0.0574205977027636 0.287833969759792
"270" 0.553482115642255 0.0650997853226125 0.508524151535123 0.0473423203920071 0.0424191758225552
"271" 2.83616530270371e-10 0.108586824245599 6.64342261116857e-09 0.507872209951786 0.438578526630445
"272" 5.10065472643528e-10 0.722188735302327 0.339851415937264 1.3488954165543e-08 0.122170271076896
"273" 0.298214914497849 3.70735939101157e-09 0.201843783354465 0.301518341070398 0.181993620964933
"274" 2.74017659452596e-09 0.322885720694807 5.54802060634051e-09 0.999999984425802 2.22044604925031e-16
"275" 0.164977226909165 3.01998809517187e-09 0.34650939436593 0.396509898133927 0.0895547122660599
"276" 0.0947075315068375 0.285955408898377 0.138549861810155 0.164907318049512 0.163355183855311
"277" 1.49109986168966e-09 0.245837942877362 0.210857943417515 0.481120287157668 0.0568628003129494
"278" 0.0319934598942654 0.266048478238958 0.232346298569633 0.0948993173215427 0.276418596747356
"279" 1.47700049625374e-09 0.0710430596568375 0.338092572724088 0.504589281508106 0.0609228733597769
"280" 0.809560855761041 0.159676719325659 0.183098455726317 2.22044604925031e-16 1.85239659544145e-08
"281" 0.319666977247914 0.139070238996281 0.2889105966279 0.539465891231311 1.44075059080436e-09
"282" 1.091462480264e-09 0.114423991400538 0.229222745132457 0.581686336691955 0.0590117555906051
"283" 0.576238640589489 0.38145067175924 0.0604414740885341 0.201084927440896 0.0117407833546806
"284" 0.0661386832261509 0.414815377315798 0.319090310662895 0.224310254340702 0.0313964374249014
"285" 1.22965663914807e-09 0.0531587489906823 0.134770927325541 0.311338560287527 0.322188760929589
"286" 0.184691314780345 0.0504053377174647 0.0809463435462554 0.244493548252821 0.491598579135653
"287" 0.101685453780504 0.0872331661771528 0.456317560242143 0.172409508571526 0.226724770512501
"288" 0.244657545693146 0.164283435888923 0.362769797467289 0.0939546528994432 0.149627288281038
"289" 1.53771360153475e-09 0.53191025332839 7.44966181029206e-09 0.487209730010117 7.20569866271839e-09
"290" 4.54732758989967e-10 0.0591011511284446 0.319592935147937 0.23289532737202 0.505095159813269
"291" 0.143883680241066 1.76392100970311e-09 0.10498421556531 0.254300121540203 0.475865142108517
"292" 0.0740747160612855 0.287246346245661 0.191783814075884 0.289809949253807 0.0510218439893852
"293" 7.68037377544629e-10 0.11290283981676 0.374757026516348 0.326151440035923 0.07934338045606
"294" 0.0758721435406984 0.0605840291526095 0.0724607564696419 0.291448769021484 0.410656004586297
"295" 0.178162392374785 0.0516953535839859 0.0224147743342825 0.356801777348468 0.584844933957156
"296" 0.369752543961067 0.0418724128509824 0.0985249747452297 0.453611529803719 0.120703046271603
"297" 0.0902670834183085 8.13983597901168e-09 0.133312666325829 0.11446777867992 0.48727387939916
"298" 1.84306714363619e-10 0.067530933594796 0.491056337323788 0.330320358989501 0.257681332136179
"299" 0.0359397334975581 0.0205637411644858 5.72158739815779e-09 0.633871142688099 0.544698423175787
"300" 0.119089387105956 0.0430737510634024 0.111986811902615 0.194539263124831 0.610271957008712
"301" 0.420764880629082 0.140819146927055 0.200226877872557 7.32116874595105e-09 2.2306051801823e-08
"302" 2.62623585204614e-10 2.25420577137755e-09 0.464018831604249 0.760003416883907 1.48407355089662e-08
"303" 0.0394644390996523 0.150748672396302 0.338526581867135 0.07978631158035 0.243763789885836
"304" 0.317717897642891 0.0591072008284079 1.00484973801584e-08 0.50167921269238 0.14059988458933
"305" 0.273674721111433 0.355856697852843 0.124680733835118 0.231164691732203 0.0468301203095698
"306" 1.15368654233365e-09 9.61573037752928e-09 7.82079481010182e-09 0.211966968603746 2.94230395977684e-07
"307" 0.177028208495416 0.358140796913648 6.08536705100359e-08 0.246864212379014 2.41890356216948e-09
"308" 3.85501170538589e-09 3.3902922177553e-10 0.282239608530435 0.0794091609618193 0.916267897001369
"309" 0.335826220838461 0.648522720134476 0.0943189579630522 0.14332830753624 4.26031045327258e-09
"310" 7.63316028422571e-10 0.143697655021902 0.380272476775057 2.62385195740968e-08 0.176495953616884
"311" 0.24369096666334 0.0997010235070578 0.313935483482567 0.265843132003266 0.0469716982245453
"312" 5.7156813963627e-10 0.0912287637720563 0.245359520296527 0.19403403960851 0.472788790621153
"313" 1.08386092008347e-09 0.0784986496062379 0.205687914821197 0.420374142127903 0.216119603041443
"314" 1.05678968694324e-09 0.255546395497785 0.620381504470171 0.29173918892964 3.7458177940644e-09
"315" 0.0878440837180083 0.173109682599052 0.306641586264835 0.28982844526912 0.118702051332519
"316" 0.113873011277839 0.365219068444044 0.270629115836142 0.156106671971253 0.0567263275079318
"317" 0.10691084116774 0.262679833525979 0.412336650903003 0.152667978780168 0.0382195232817852
"318" 0.393041985502889 0.238021897547618 0.337406930490192 0.0813284483876132 0.0221858152996138
"319" 3.171847444919e-10 2.95715406219338e-09 0.248575296802148 0.223347972364974 0.694895455522609
"320" 2.54514836521316e-10 0.166050336298292 0.0271974235264549 0.334289273836658 0.769571348798089
"321" 0.052024576862137 0.421788023151801 0.208354311709714 0.156300384059076 0.053662622710295
"322" 0.0183017400521512 0.0514690606765207 0.315322968112078 0.468795054237002 0.113547110815467
"323" 1.67869593691149e-10 1.17477091072284e-09 0.402412780791725 0.384877534673654 0.587385353890135
"324" 0.474904992087536 2.47456472494093e-09 0.204175568483455 0.201057374558151 6.70703577016461e-09
"325" 0.130336809298434 4.64753288565725e-09 0.0873927124483262 0.390941255670756 0.162239258802632
"326" 0.0897086921092363 0.152593406336594 0.132718171191653 0.21298025651224 0.193233171157206
"327" 0.186798053255393 0.441789513300958 0.0443777860448526 0.26916206235917 0.101141298095248
"328" 1.81350365252748e-09 0.628480429731886 0.179060534157525 2.79308999353118e-09 0.338213541904027
"329" 1.73307966777739e-08 1.87197551047426e-09 0.237385189775857 0.730836696686648 2.90324433594184e-09
"330" 0.162062639904284 0.213606476471845 0.169171106782925 0.128959438640913 0.217155399653507
"331" 2.58932119836602e-10 1.41067084628414e-09 0.551682814963588 0.70747099011837 6.80192918763798e-09
"332" 0.0368633273259888 0.0732672059585265 2.43897815782737e-08 0.191730853403444 0.432323720047487
"333" 2.69504743887711e-10 3.12031519582098e-09 7.38146248231488e-09 0.361356728336847 0.728615362244783
"334" 0.326681374482286 0.152921256043036 0.0777694127372887 0.0923531427503262 0.225713438063397
"335" 2.22044604925031e-16 1 9.51351449341306e-09 1.02199032942332e-08 3.52701791164364e-08
"336" 4.86286771743476e-10 2.91047179262418e-09 0.66666853303663 0.0897213178995954 0.278982033712058
"337" 0.0601331235248139 0.245070419494109 0.620371510157642 0.089998428377602 0.0504181220059836
"338" 0.596034826334372 0.0529863066824481 0.228031659149873 0.0618657239919879 0.204021355247158
"339" 9.41030403370875e-09 0.0336367609021603 0.297120777748688 0.183022314484169 0.191266658907517
"340" 6.55880202685712e-09 0.013029941251743 0.122928172361 0.257723317073717 0.387106951201251
"341" 0.259760937179727 0.0761837475555297 0.397041860487006 0.100709914607357 0.0891167980129149
"342" 0.552515994170886 0.0734752089867835 0.256683977805008 0.0632508744298516 0.188412153993219
"343" 0.888612115326598 0.0511764491618403 0.147177958444096 0.0730172389748153 0.0255611064851445
"344" 1.15679282973526e-08 0.195471615123389 0.430909813823944 0.1110449538452 2.7736073802873e-09
"345" 0.969438204029415 0.0635150944622758 0.0815018195353363 7.99605789932355e-09 5.30572166432864e-09
"346" 0.00624092906346685 0.0616642596886947 0.299743811415034 0.200531772489138 0.483062693626333
"347" 0.0661871512989125 0.0360573007525919 0.183839114846577 0.194136324952929 0.436275201581069
"348" 0.122183202247737 0.0598605505787682 0.244432956270022 0.124011076219373 0.413317744023978
"349" 0.784613195498699 0.10763786325005 0.176784528425638 0.0831884309862733 0.0207213621469386
"350" 6.09665488405695e-10 0.24428710694633 0.387594017724373 0.183749136005028 0.21870160588335
"351" 0.773031764062057 0.114182708075207 0.281076120287632 0.0560762553479 0.0193626787822433
"352" 0.202621464978079 5.16525785672361e-09 1.67505397226519e-08 6.12447375148823e-09 0.593603969035643
"353" 7.3232673833564e-10 0.0405657984236252 0.22520551357557 0.327082168285492 0.418127397529339
"354" 0.0586560569731288 0.573518488498521 0.300812584920896 0.0295855067371256 0.100884472079133
"355" 0.0300141752622007 0.204910185874785 0.170855240112762 0.076319380632148 0.602383300643746
"356" 0.187191419854898 0.0679843518071514 0.293684896451719 0.163522364365434 0.267663733899126
"357" 0.108707549595003 0.322652021645424 0.071847314216071 0.161429880289795 0.326934373926411
"358" 1.73840354282779e-09 0.279400769644049 0.113948567415143 0.474765707962529 0.130427858476861
"359" 1.46765979181394e-09 0.319151192144418 0.267961133445705 0.203060354089288 0.180375288084659
"360" 0.0609547523670006 0.264816170805148 0.204707186618736 0.101779916911197 0.244411079123501
"361" 0.345462703023388 0.340115922293645 0.209190833361239 0.128367359709391 0.0406668594831983
"362" 1.78985427297553e-09 0.0563479170116434 0.0868304873086693 0.491388228445266 0.372178805793811
"363" 0.0479759171430185 2.22044604925031e-16 0.713828841248167 8.49189990436367e-09 0.373848083975837
"364" 4.86865071652588e-10 0.203865184382867 0.326474894560522 0.325119694149258 0.149342208403994
"365" 0.114282075567352 0.607955471671298 0.523152651173223 3.30760325257791e-09 0.0710181656336817
"366" 8.49638995840132e-10 0.131415653951977 0.179670274940141 0.357245458789065 0.336956811986927
"367" 0.25911291783396 0.124363171356929 0.242737197021177 3.76444262443871e-08 0.168164226326354
"368" 9.73332990927388e-11 1.01694524303641e-08 0.999999993826845 8.27122184404834e-09 2.19452275715418e-08
"369" 0.0294742753519934 0.1707557345892 0.233708403680199 0.203086951809477 0.379191263572163
"370" 0.196061033143057 0.46162016316728 0.0523711810589488 0.140887266552845 0.190348320175696
"371" 0.297490220762455 0.474355893117378 0.0993501945286526 0.117101459665437 0.0851678530634327
"372" 3.43061750499666e-09 6.36377834010145e-10 3.51784744933016e-09 1.95055239830102e-08 0.9999999952328
"373" 0.0229850395924813 0.0608619541223993 0.182619515396285 0.471718510185489 0.153111966219035
"374" 0.0863074939059102 0.0231716361083993 0.301073228936937 0.259877210450332 0.0447563899258693
"375" 9.84903090265093e-10 0.0410161669837191 0.132069466089431 0.692164753016888 3.25074314833738e-08
"376" 0.147032293015834 0.085050080107411 0.203924684845727 7.76631245042247e-09 0.52444881518675
"377" 6.14966616341683e-09 0.0660314005212134 0.295674295703728 4.40736538200134e-09 0.586276977889119
"378" 0.468352691840379 0.3411246776242 0.0746432562392856 0.130058625984934 0.0470081866704133
"379" 5.94116141445447e-10 0.262398032780853 0.537005681998409 0.386230617394137 4.33151385255735e-09
"380" 6.23093072490604e-10 0.0561029970536367 0.166590629708084 0.342276440033067 0.371302828393857
"381" 0.548295634712233 0.425797168846489 0.157250981846112 2.22044604925031e-16 5.17130592418830e-09
"382" 0.183258626536509 0.131778909081588 0.126637291848609 0.252843824717615 0.263221183753864
"383" 0.268046435092399 0.110843525560775 0.181174559677703 0.141589839835314 0.22638029621958
"384" 1.70674143830279e-09 9.55577003004945e-10 0.126079764226747 0.540125273986787 0.496515364163434
"385" 0.300199590427692 0.0932723141953927 0.156716772342536 0.243028361155042 0.221623446662511
"386" 0.395470333518371 3.20511124555004e-09 0.209692429852666 0.186623966876032 0.204332375560456
"387" 4.95644386817498e-09 0.0820744737082373 8.95916015870989e-09 3.53447577871023e-08 0.541349255390513
"388" 1.23687051828523e-09 0.0865931824081865 0.503107331263198 0.243373607993678 0.0642138684549447
"389" 0.524380261663652 0.489005439373589 0.0338240867739591 0.147653235996421 0.0144656718042568
"390" 0.187198555226276 0.271966193597671 0.141966072661648 0.44335139818657 0.0155635142506952
"391" 0.606705101485902 0.048022937353264 0.364425662139632 0.0204996176875464 0.19179107201334
"392" 0.0125726450938597 0.342628706558262 0.251308066286321 0.209531597036593 0.208314987751369
"393" 0.0162265745895641 0.285696228002325 0.407175731826136 0.220355106631869 0.0460461500905849
"394" 0.0252685352403071 0.177281044928724 0.28479491336468 0.47231440621006 0.0930880483223057
"395" 5.09594399282132e-10 0.237061410743744 0.308155823315499 0.0774329546145691 0.406608918429911
"396" 2.75849794236397e-10 0.0822022452545864 0.224453082187682 0.334337061438043 0.453099195052609
"397" 7.81899403370646e-10 0.223230198349205 0.289860377989385 0.101427081813313 0.381529026248423
"398" 3.04842246173007e-10 0.275229746149792 0.45061798708702 0.120933757474282 0.244731107146863
"399" 0.277166995203843 4.66097243328865e-10 0.216745309694482 0.290639785528584 0.483096716955407
"400" 0.57012920641387 0.306296316849961 0.0537180981275959 0.159910432470008 0.0487973209646255
"401" 0.0437342051122092 0.10718636799397 0.321454428584839 0.367708312998092 0.0653611579059709
"402" 1.33471554993297e-10 0.230523399561482 0.332137371735674 0.320546796129788 0.265728659137688
"403" 5.48809592558165e-09 2.22044604925031e-16 0.569109301993874 0.374266750170742 0.109971438515534
"404" 0.415244561639504 2.22044604925031e-16 0.475539542245324 0.0449457083908239 0.380354280389045
"405" 5.15958971700277e-10 0.670644502482954 0.121867628822919 6.04925814920317e-09 0.428883682078633
"406" 5.87178321003276e-10 0.583851735451153 0.319783452090837 7.91327445372932e-09 0.0815815111618394
"407" 0.0969210382740613 0.404521520038998 0.229802762592337 0.0277477282283385 0.33714731608372
"408" 2.51666702270044e-09 0.617569896672052 0.366370385887064 0.169497409846331 0.0360576019410812
"409" 2.08751978153562e-10 0.171650433823966 0.291950277674213 0.299028037910424 0.234395152008215
"410" 6.0421414082246e-10 0.226598696385941 0.403492880162149 0.407802237881182 0.0517009378734112
"411" 2.37516414388633e-09 0.351109750334631 0.204854532257805 0.359059409271629 0.0687617827399011
"412" 1.23422689013408e-09 6.03484443952022e-09 3.53241936093919e-09 3.1195026054797e-09 0.999999997838563
"413" 1.26778550278418e-08 0.0904608078859548 0.196268036324393 0.269216503323075 1.20801404711768e-08
"414" 0.27365749795664 5.27081114411578e-09 0.461827019023214 0.266269630481609 3.37415913649994e-09
"415" 1.91045544602886e-10 0.0815064022459584 0.0748153323864798 0.277373135340352 0.690372288851116
"416" 4.66217193201965e-10 0.447385581697449 0.360622586787401 0.125511236713224 8.72848486838333e-09
"417" 0.0114988802220267 0.248821272253934 0.0949675672359504 0.210366330297571 0.546570342897748
"418" 2.97706433011531e-09 0.364716624037291 0.130403098811479 0.218008314032169 1.72113562767488e-08
"419" 0.224643712028315 0.207396613105998 0.116002231014465 0.0362825431452618 4.96078554022908e-08
"420" 0.150457243788078 0.130766438617299 0.14766437004656 0.0425138051303285 4.83703113277982e-08
"421" 0.0799360838719179 5.71718457461501e-09 0.0535189164666655 0.112738383521539 0.663761313947491
"422" 8.58501670524739e-10 0.47029257398765 1.01873880076409e-08 0.583750195428196 4.12733537544341e-09
"423" 0.428983984518214 0.128952488850049 0.351079222933167 0.0538793612128678 0.0895685227020982
"424" 0.0421846365261929 0.0321652547048501 0.113342289444121 0.413490660265611 0.565764425441177
"425" 1.22536942010608e-09 0.156780058603102 0.261120236350038 0.322058079207634 0.117898209495297
"426" 2.52858217491597e-09 0.349955347229093 0.17183496404729 4.64713269904696e-09 0.412364025201183
"427" 0.0755960962966544 0.552717071754272 0.397971828469903 9.74363069835824e-09 0.0183763916558478
"428" 0.363713576183143 8.60119886860371e-09 0.247652854617802 0.268024969977517 0.0380786259396253
"429" 2.02654429588952e-09 4.56429731184817e-09 0.137761424550203 0.21076602944539 0.459837106125869
"430" 0.333740503674419 0.569948831557243 0.149162721771012 0.105732351315339 0.0232348169432385
"431" 0.168562649188682 0.162383226679656 0.337816006769672 0.274652277116935 0.0281575982990743
"432" 2.22044604925031e-16 4.72738753244095e-09 0.816340093973822 0.378730448837671 3.60323006495076e-09
"433" 0.0157270524327758 0.461054519570279 0.12581368644859 1.72381639856738e-08 0.403861734767148
"434" 0.0641674734536735 0.400110652531154 0.114778116045947 0.19182237817153 0.0978498938614813
"435" 0.0205042917050123 5.17547189048203e-09 0.17572321461557 0.360937709124407 0.401827185954861
"436" 0.201589078741394 3.8159555562006e-09 0.551447869802168 1.32260754014639e-09 0.467174711020176
"437" 0.0238848464758816 0.128538716810293 0.348685997473264 0.0298321010844092 0.642564712240736
"438" 0.0849198661653315 0.10639611379857 0.256374507247777 0.162284152002619 0.388252935967454
"439" 0.151170038182972 0.101780801298712 0.681425723975696 0.093576410595144 0.00714958540134127
"440" 0.0586991696277816 0.103877059556493 0.276685159836192 0.140330802774511 0.0765262457573208
"441" 4.17584134274202e-09 0.0159589280641296 0.12450045296737 0.288340792289219 0.504721049119722
"442" 0.907825825559611 0.0137047047301637 0.233269904027576 1.30923711495764e-08 5.67299890729282e-09
"443" 9.181238278673e-10 0.0671149221145661 0.0940359566645514 0.6734071462914 0.22991325983223
"444" 0.0485377139768139 1.76277308374589e-09 0.236663210021608 0.562774037335343 0.23430047851647
"445" 0.0109246133257834 0.103049595117136 0.427994680310087 0.0563807402309591 0.44105040548994
"446" 0.0118775586627377 0.125411691404937 0.475323980802687 0.178865371053158 0.231796337651778
"447" 3.25045073889362e-10 0.187012720983963 0.30781195922937 0.33864222501179 0.2158024251764
"448" 7.52651194317249e-10 6.62055436646801e-10 0.999999995713271 3.32273363107554e-08 6.57380493199994e-09
"449" 1.28762252105516e-09 0.0707598432085034 0.347855867275642 0.206330964223806 0.358254191506536
"450" 1.11111307649692e-09 0.432620611889022 0.239790323088176 0.0945628058153883 0.0786002389366098
"451" 0.155926204842538 0.258989711418705 8.63952258002152e-09 0.183422232440758 0.339388720813576
"452" 0.118735385173457 0.367231228505776 9.90674804685003e-09 0.0938921882549816 0.399277048198631
"453" 8.84780508943768e-09 0.136592831193959 0.145680973280586 0.129974161778685 0.0694525545622778
"454" 1.10224687258463e-08 2.78277900611808e-09 0.456174960220832 0.15196545917742 1.95096693830042e-09
"455" 1.53753717655815e-09 0.168040871571429 0.0173949805820272 0.312158988470988 0.674590066246106
"456" 1.71251985351156e-09 0.277136811084629 0.191758593831054 1.19422739854062e-08 0.393257668515398
"457" 0.00997969874840157 0.0303302351172218 0.394427684811815 0.306067126080566 0.39100351037388
"458" 0.0112753193804184 0.0722946577652721 0.436524204338619 0.425215853933475 0.173155650698095
"459" 2.15836387879655e-10 0.0435663635211661 1.11410588929178e-08 0.551066620668171 0.566167664439262
"460" 0.216711497828981 0.0815491217607263 0.204280739765498 0.11616313139854 0.133076640062465
"461" 3.97544539984809e-09 3.51335212465057e-09 0.999999976780681 9.13823808629978e-09 4.99015629427087e-09
"462" 1.69080112203049e-08 3.4757602574475e-09 2.65938321144484e-09 5.75421945700738e-09 0.99999997929915
"463" 0.910291002229664 0.322254379272317 0.095345182179715 2.22044604925031e-16 2.31733152634586e-09
"464" 0.0634527498772715 0.205869280094118 0.429440896243003 0.262097945093182 0.0560310544931963
"465" 0.122603105600099 0.261668050167077 0.309643419784655 1.2198528405706e-08 0.131513388607487
"466" 0.19891788016038 0.488514962052816 0.148184395015106 1.97105479203514e-08 6.07627728869184e-09
"467" 0.0511100143278002 2.84034472781878e-09 1.15424532303639e-08 0.629155763321114 0.381573608491722
"468" 2.22044604925031e-16 0.999994705939055 0.140290878436268 0.452770344320468 0.307885657672309
"469" 0.713172300215146 0.0671495964516736 0.154241591894953 0.112239316734459 1.23794026949944e-08
"470" 0.144331537949957 7.71027254554189e-09 0.345367607784318 0.158705056645689 0.133969655492788
"471" 0.0564346172759248 0.104394290532256 0.208556051276505 0.223838331704631 0.250644749431953
"472" 0.322439066000108 0.118324574428813 0.327895214619004 0.0642179267132864 0.2033180464617
"473" 0.295526601818531 0.0969300352353448 0.119994817054298 0.302674638015083 0.185298168460419
"474" 0.284317278092478 0.174270571517339 0.354614423820105 7.28226706932732e-09 0.190297228855187
"475" 9.39049527397203e-10 0.668081182462236 0.15481525391252 0.160285428072903 0.0822086296842183
"476" 0.254287054270235 0.251964962543322 0.209808145377724 0.123405664467117 0.129221788968257
"477" 0.207026271448394 0.0960075386216658 0.203783643115992 0.225417067218467 0.183816699209303
"478" 0.252477101910825 0.316516019769719 0.244831926272701 0.0419943255392705 0.151466410808853
"479" 0.11424160615511 0.716541416024897 0.157167143969535 0.0444253404049105 0.054014792790078
"480" 0.0712470646916465 0.153291820802516 5.30832616897567e-09 0.32149868110687 0.463249638108168
"481" 0.0781500901608042 0.434265999628969 1.50443762253922e-08 0.114875792114342 0.252367647029163
"482" 0.228450759700007 0.350809881886281 1.38181602292462e-08 7.36449653107524e-09 0.263365409978057
"483" 8.74817620486607e-10 0.303677337025285 8.85989071020643e-09 0.406560338889443 0.194827421035045
"484" 0.211003858391458 0.362146588216686 2.22044604925031e-16 0.217080678504147 0.424502717716927
"485" 0.190758878554165 0.283268609309704 0.274909316706587 0.0634163778096497 0.0965726383733705
"486" 0.240322347364277 0.31290089834006 0.059158765598596 0.324187060502132 0.139058362005829
"487" 0.0556950809860049 0.222896488463555 0.175901580807211 0.188515251354727 0.239244839361548
"488" 0.403409176187156 0.423017829804087 0.157713243148333 0.171891320990429 0.0566082475683731
"489" 0.403906597651725 0.134077838539111 0.28058342198123 0.255999603753737 0.0489148735285818
"490" 3.59212546429379e-09 0.221256879619916 0.120507256169147 0.458652212631108 0.0430021020777514
"491" 0.357003187227784 0.306168686832954 0.120148311114781 0.223675909427769 0.0391840105227131
"492" 0.234354359579918 0.762081346777875 0.109715350948064 0.110887124010703 2.46278147460584e-09
"493" 0.336081014894232 9.98647713549291e-09 0.130174266967291 0.246092290205482 0.0827973110343066
"494" 1.79997661487491e-09 0.115511945872544 0.271984844920141 0.205317994148622 0.159257989997027
"495" 0.113880376508739 0.303368823845002 0.316646580831178 0.170674527732567 0.0792767927874477
"496" 7.61363950822256e-10 0.378061470200923 0.395417827426342 0.225128256798633 0.0644109243167068
"497" 1.70721981995205e-09 2.05295252800677e-08 0.546725155497457 3.59124723617736e-09 0.21279980526783
"498" 0.172990951752665 0.400355831567402 0.536461122512409 4.38138400530536e-09 0.0620469407463872
"499" 0.999999995253323 1.12573927936467e-09 2.10302959008882e-08 9.83652843322719e-09 1.72453483671607e-08
"500" 0.362446686627069 0.0900871495544504 4.88266718317947e-08 0.19073382159107 0.0215311402854416
